1.000000e+03
1.000012e+03
1.000024e+03
1.000035e+03
1.000047e+03
1.000059e+03
1.000071e+03
1.000082e+03
1.000094e+03
1.000106e+03
1.000118e+03
1.000130e+03
1.000142e+03
1.000154e+03
1.000166e+03
1.000178e+03
1.000190e+03
1.000203e+03
1.000215e+03
1.000227e+03
1.000239e+03
1.000251e+03
1.000264e+03
1.000276e+03
1.000288e+03
1.000301e+03
1.000313e+03
1.000326e+03
1.000338e+03
1.000351e+03
1.000363e+03
1.000375e+03
1.000388e+03
1.000400e+03
1.000413e+03
1.000426e+03
1.000438e+03
1.000451e+03
1.000463e+03
1.000476e+03
1.000489e+03
1.000501e+03
1.000514e+03
1.000527e+03
1.000539e+03
1.000552e+03
1.000565e+03
1.000578e+03
1.000590e+03
1.000603e+03
1.000616e+03
1.000629e+03
1.000642e+03
1.000654e+03
1.000667e+03
1.000680e+03
1.000693e+03
1.000706e+03
1.000719e+03
1.000732e+03
1.000745e+03
1.000758e+03
1.000771e+03
1.000784e+03
1.000796e+03
1.000809e+03
1.000822e+03
1.000835e+03
1.000848e+03
1.000861e+03
1.000875e+03
1.000888e+03
1.000901e+03
1.000914e+03
1.000927e+03
1.000940e+03
1.000953e+03
1.000966e+03
1.000979e+03
1.000992e+03
1.001005e+03
1.001019e+03
1.001032e+03
1.001045e+03
1.001058e+03
1.001071e+03
1.001085e+03
1.001098e+03
1.001111e+03
1.001124e+03
1.001137e+03
1.001151e+03
1.001164e+03
1.001177e+03
1.001190e+03
1.001204e+03
1.001217e+03
1.001230e+03
1.001244e+03
1.001257e+03
1.001270e+03
1.001284e+03
1.001297e+03
1.001310e+03
1.001324e+03
1.001337e+03
1.001350e+03
1.001364e+03
1.001377e+03
1.001391e+03
1.001404e+03
1.001417e+03
1.001431e+03
1.001444e+03
1.001458e+03
1.001471e+03
1.001484e+03
1.001498e+03
1.001511e+03
1.001525e+03
1.001538e+03
1.001552e+03
1.001565e+03
1.001579e+03
1.001592e+03
1.001606e+03
1.001619e+03
1.001633e+03
1.001646e+03
1.001660e+03
1.001674e+03
1.001687e+03
1.001701e+03
1.001714e+03
1.001728e+03
1.001741e+03
1.001755e+03
1.001769e+03
1.001782e+03
1.001796e+03
1.001810e+03
1.001823e+03
1.001837e+03
1.001850e+03
1.001864e+03
1.001878e+03
1.001891e+03
1.001905e+03
1.001919e+03
1.001932e+03
1.001946e+03
1.001960e+03
1.001974e+03
1.001987e+03
1.002001e+03
1.002015e+03
1.002028e+03
1.002042e+03
1.002056e+03
1.002070e+03
1.002083e+03
1.002097e+03
1.002111e+03
