1.000000e+03
1.000031e+03
1.000062e+03
1.000093e+03
1.000124e+03
1.000155e+03
1.000185e+03
1.000216e+03
1.000246e+03
1.000277e+03
1.000307e+03
1.000337e+03
1.000367e+03
1.000397e+03
1.000427e+03
1.000457e+03
1.000486e+03
1.000516e+03
1.000545e+03
1.000574e+03
1.000604e+03
1.000633e+03
1.000662e+03
1.000691e+03
1.000720e+03
1.000749e+03
1.000777e+03
1.000806e+03
1.000835e+03
1.000863e+03
1.000892e+03
1.000920e+03
1.000949e+03
1.000977e+03
1.001005e+03
1.001033e+03
1.001061e+03
1.001089e+03
1.001117e+03
1.001145e+03
1.001173e+03
1.001201e+03
1.001229e+03
1.001257e+03
1.001284e+03
1.001312e+03
1.001340e+03
1.001367e+03
1.001395e+03
1.001422e+03
1.001449e+03
1.001477e+03
1.001504e+03
1.001531e+03
1.001558e+03
1.001586e+03
1.001613e+03
1.001640e+03
1.001667e+03
1.001694e+03
1.001721e+03
1.001748e+03
1.001774e+03
1.001801e+03
1.001828e+03
1.001855e+03
1.001881e+03
1.001908e+03
1.001935e+03
1.001961e+03
1.001988e+03
1.002014e+03
1.002041e+03
1.002067e+03
1.002094e+03
1.002120e+03
1.002146e+03
1.002172e+03
1.002199e+03
1.002225e+03
1.002251e+03
1.002277e+03
1.002303e+03
1.002329e+03
1.002355e+03
1.002381e+03
1.002407e+03
1.002433e+03
1.002459e+03
1.002485e+03
1.002511e+03
1.002537e+03
1.002563e+03
1.002588e+03
1.002614e+03
1.002640e+03
1.002665e+03
1.002691e+03
1.002717e+03
1.002742e+03
1.002768e+03
1.002793e+03
1.002819e+03
1.002844e+03
1.002870e+03
1.002895e+03
1.002920e+03
1.002946e+03
1.002971e+03
1.002996e+03
1.003021e+03
1.003047e+03
1.003072e+03
1.003097e+03
1.003122e+03
1.003147e+03
1.003172e+03
1.003197e+03
1.003222e+03
1.003247e+03
1.003272e+03
1.003297e+03
1.003322e+03
1.003347e+03
1.003372e+03
1.003397e+03
1.003422e+03
1.003446e+03
1.003471e+03
1.003496e+03
1.003521e+03
1.003545e+03
1.003570e+03
1.003595e+03
1.003619e+03
1.003644e+03
1.003669e+03
1.003693e+03
1.003718e+03
1.003742e+03
1.003767e+03
1.003791e+03
1.003815e+03
1.003840e+03
1.003864e+03
1.003889e+03
1.003913e+03
1.003937e+03
1.003962e+03
1.003986e+03
1.004010e+03
1.004034e+03
1.004059e+03
1.004083e+03
1.004107e+03
1.004131e+03
1.004155e+03
1.004179e+03
1.004203e+03
1.004227e+03
1.004251e+03
1.004275e+03
1.004299e+03
